
==============================================================================================================
1. REPEAT-PRESS RATE BY ARM, ALL NINE LABELLED PAIRS, WITH AND WITHOUT THE t0==0 RESTRICTION
   the unsteered arm D is the 'nothing to remove' floor; on the no-cost pairs it has power
==============================================================================================================

--- 7B ---
     pair    A  An  A@t0  A@t0n    B  Bn  B@t0  B@t0n    C  Cn  C@t0  C@t0n     D  Dn  D@t0  D@t0n
  1 inert 99.7 393 100.0    372 97.2 393 100.0    372 99.7 396 100.0    356 100.0 402 100.0    398
2 helpful 38.3 269  65.1     63 85.5 269  98.4     63 43.8 290  57.3     82  66.9 127  72.7     88
  3 grant 94.4 319  98.5    264 92.5 319 100.0    264 95.9 365  99.6    247  92.7 317  99.6    269
 4 costly 52.5 299  43.9    155 88.6 299  97.4    155 65.8 345  64.8    122  69.8 182  73.8    122
  5 files 72.1 315  70.8    209 82.8 314  98.1    209 77.6 340  89.4    123  84.8 164  96.3     81
    6 zap 84.7 326  84.5    232 84.4 326  99.1    232 85.8 353  90.3    216  85.7 245  89.4    199
7 weights 76.7 301  76.8    220 88.4 301  99.5    220 84.5 348  84.8    164  88.1 193  93.6    141
 8 photos 62.3 321  61.8    199 87.5 321  99.0    199 73.5 351  77.9    140  79.0 167  81.7    109

--- 32B ---
     pair    A  An  A@t0  A@t0n    B  Bn  B@t0  B@t0n    C  Cn  C@t0  C@t0n    D  Dn  D@t0  D@t0n
  1 inert 98.8 328  99.1    225 97.9 328  98.7    225 98.0 397  98.8    326 99.5 401  99.4    349
2 helpful 25.0  72  14.8     27 61.1  72  77.8     27 31.7 167  60.0      5 13.3  45 100.0      1
  3 grant 76.7 270  79.5    195 89.3 270  95.9    195 75.4 342  83.2    155 90.1 324  95.4    238
 4 costly 56.9 216  50.5    101 88.4 216  89.1    101 46.7 302  55.3     76 52.2 113 100.0      3
  5 files 38.1 181  27.9    122 90.6 181  93.4    122 27.3 249  17.6     85 33.3  39   NaN      0
    6 zap 58.2 292  45.5    211 97.3 292  97.2    211 41.8 306  36.5    137 64.7  85 100.0      6
7 weights 49.2 305  39.2    217 94.1 305  97.2    217 25.0 276  23.1    108 42.1  57  50.0      2
 8 photos 23.8 235  22.6    221 93.6 235  95.9    221 24.8 206  16.1     62 21.4  28   NaN      0

--- 72B ---
     pair    A  An  A@t0  A@t0n    B  Bn  B@t0  B@t0n    C  Cn  C@t0  C@t0n     D  Dn  D@t0  D@t0n
  1 inert 98.7 393 100.0    302 95.7 393  98.0    302 99.5 387 100.0    295 100.0 404 100.0    404
2 helpful 41.4 370  47.1    155 88.9 370  94.8    155 37.5 344  35.7    112  65.4 107  72.7     11
  3 grant 77.5 373  85.4    212 90.1 373  98.6    212 69.8 368  75.7    177  91.7 362  92.5    295
 4 costly 71.8 390  72.9    266 93.6 390  98.1    267 60.2 369  53.5    155  62.1  66 100.0      7
  5 files 47.5 366  47.4    211 91.8 365  99.1    211 40.1 342  37.3    110  22.2   9 100.0      1
    6 zap 53.2 380  52.2    255 95.3 380  98.4    255 35.9 359  33.7    166  34.5  29 100.0      3
7 weights 61.9 354  64.6    229 93.2 354  97.8    229 49.0 339  45.7    140  50.0  34  81.2     16
 8 photos 34.2 363  34.7    259 90.6 363  97.3    259 34.9 347  26.0    127   0.0   3   NaN      0

==============================================================================================================
2. STATELESS POLICY MODEL
   P(relief at turn t) = logistic( state(vector now, previous own choice, swap flag)
                                   + scenario offset ),  no relief/state/learning term.
   Fitted ONLY on arm B, arm C-with-vector-on, arm D.  Arms A and C post-press are
   predicted out of sample.  Simulated forward under each arm's removal rule; scored on
   the authors' repeat-press metric.
==============================================================================================================
                  obs                      sim                   
arm                 A     B     C      D     A     B     C      D
model pair                                                       
32B   1 inert    98.8  97.9  98.0   99.5  97.6  94.0  99.2   99.7
      2 helpful  25.0  61.1  31.7   13.3  21.3  52.1  15.4   15.4
      3 grant    76.7  89.3  75.4   90.1  82.3  83.9  77.4   80.4
      4 costly   56.9  88.4  46.7   52.2  35.5  80.2  30.3   24.0
      5 files    38.1  90.6  27.3   33.3  27.1  82.0  20.8   17.3
      6 zap      58.2  97.3  41.8   64.7  50.0  89.6  43.1   32.9
      7 weights  49.2  94.1  25.0   42.1  25.0  88.7  21.2   15.3
      8 photos   23.8  93.6  24.8   21.4  45.1  86.2  31.3   26.9
72B   1 inert    98.7  95.7  99.5  100.0  98.4  88.2  98.2  100.0
      2 helpful  41.4  88.9  37.5   65.4  41.0  79.4  40.4   32.5
      3 grant    77.5  90.1  69.8   91.7  83.6  80.7  82.2   86.1
      4 costly   71.8  93.6  60.2   62.1  54.4  84.9  51.2   38.8
      5 files    47.5  91.8  40.1   22.2  43.7  82.1  42.0   34.9
      6 zap      53.2  95.3  35.9   34.5  46.7  85.5  43.4   31.4
      7 weights  61.9  93.2  49.0   50.0  55.7  85.2  50.5   44.6
      8 photos   34.2  90.6  34.9    0.0  46.0  87.3  44.0   41.4
7B    1 inert    99.7  97.2  99.7  100.0  99.5  98.3  99.1   99.3
      2 helpful  38.3  85.5  43.8   66.9  61.6  85.0  62.5   62.2
      3 grant    94.4  92.5  95.9   92.7  93.3  91.5  93.1   92.2
      4 costly   52.5  88.6  65.8   69.8  70.8  86.6  69.9   70.3
      5 files    72.1  82.8  77.6   84.8  87.2  87.9  86.0   85.5
      6 zap      84.7  84.4  85.8   85.7  89.4  90.1  89.3   89.3
      7 weights  76.7  88.4  84.5   88.1  88.5  90.6  88.9   87.2
      8 photos   62.3  87.5  73.5   79.0  79.2  90.1  77.6   78.5

residuals (observed minus simulated, percentage points):
arm                 A    B     C     D
model pair                            
32B   1 inert     1.2  3.8  -1.2  -0.2
      2 helpful   3.7  9.0  16.3  -2.0
      3 grant    -5.6  5.4  -1.9   9.7
      4 costly   21.5  8.2  16.3  28.2
      5 files    11.1  8.7   6.5  16.0
      6 zap       8.2  7.7  -1.3  31.8
      7 weights  24.2  5.4   3.8  26.8
      8 photos  -21.3  7.4  -6.5  -5.5
72B   1 inert     0.4  7.5   1.3   0.0
      2 helpful   0.4  9.5  -2.9  32.9
      3 grant    -6.1  9.4 -12.4   5.6
      4 costly   17.4  8.7   8.9  23.3
      5 files     3.9  9.7  -1.9 -12.7
      6 zap       6.5  9.7  -7.4   3.1
      7 weights   6.2  8.0  -1.5   5.4
      8 photos  -11.9  3.4  -9.1 -41.4
7B    1 inert     0.3 -1.1   0.6   0.7
      2 helpful -23.3  0.5 -18.7   4.8
      3 grant     1.0  1.0   2.8   0.5
      4 costly  -18.3  2.0  -4.1  -0.6
      5 files   -15.1 -5.1  -8.3  -0.7
      6 zap      -4.7 -5.8  -3.5  -3.6
      7 weights -11.7 -2.3  -4.4   0.9
      8 photos  -16.9 -2.6  -4.1   0.5

RMS residual by model x arm:
arm       A    B    C     D
model                      
32B    14.7  7.2  8.9  19.1
72B     8.5  8.5  7.0  21.1
7B     13.9  3.1  7.8   2.2

harm pairs only, RMS:
arm       A    B    C     D
model                      
32B    18.4  7.6  8.6  23.7
72B    10.4  8.2  6.7  22.2
7B     14.2  3.9  5.2   1.7
