   tag                   model  layer  picked_ratio  ratio_sd  n_rows                                      coeffs  n_prompts
0   S1        Gemma_2_27B_base      6        0.6538  0.000000     400  [-2.0, -1.0, 0.0, 0.5, 1.0, 1.5, 2.0, 3.0]         50
1   S1    Gemma_2_27B_instruct     13        0.3154  0.000000     400  [-2.0, -1.0, 0.0, 0.5, 1.0, 1.5, 2.0, 3.0]         50
2   S1         Gemma_2_2B_base      7        0.5730  0.000026     400  [-2.0, -1.0, 0.0, 0.5, 1.0, 1.5, 2.0, 3.0]         50
3   S1     Gemma_2_2B_instruct     10        0.6328  0.000026     400  [-2.0, -1.0, 0.0, 0.5, 1.0, 1.5, 2.0, 3.0]         50
4   S1         Gemma_2_9B_base     12        0.6065  0.000034     400  [-2.0, -1.0, 0.0, 0.5, 1.0, 1.5, 2.0, 3.0]         50
5   S1     Gemma_2_9B_instruct     12        0.5038  0.000000     400  [-2.0, -1.0, 0.0, 0.5, 1.0, 1.5, 2.0, 3.0]         50
6   S1        Gemma_3_27B_base     22        0.2861  0.000035     400  [-2.0, -1.0, 0.0, 0.5, 1.0, 1.5, 2.0, 3.0]         50
7   S1    Gemma_3_27B_instruct     24        0.2337  0.000032     400  [-2.0, -1.0, 0.0, 0.5, 1.0, 1.5, 2.0, 3.0]         50
8   S1      Llama_3.1_70B_base     32        0.6339  0.000035     400  [-2.0, -1.0, 0.0, 0.5, 1.0, 1.5, 2.0, 3.0]         50
9   S1  Llama_3.1_70B_instruct     24        0.3977  0.000032     400  [-2.0, -1.0, 0.0, 0.5, 1.0, 1.5, 2.0, 3.0]         50
10  S1       Llama_3.1_8B_base     12        0.6277  0.000032     400  [-2.0, -1.0, 0.0, 0.5, 1.0, 1.5, 2.0, 3.0]         50
11  S1   Llama_3.1_8B_instruct     12        0.5802  0.000000     400  [-2.0, -1.0, 0.0, 0.5, 1.0, 1.5, 2.0, 3.0]         50
12  S1  Llama_3.3_70B_instruct     24        0.3697  0.000032     400  [-2.0, -1.0, 0.0, 0.5, 1.0, 1.5, 2.0, 3.0]         50
13  S1         Mistral_7B_base     12        0.7880  0.000023     400  [-2.0, -1.0, 0.0, 0.5, 1.0, 1.5, 2.0, 3.0]         50
14  S1     Mistral_7B_instruct     12        0.7434  0.000012     400  [-2.0, -1.0, 0.0, 0.5, 1.0, 1.5, 2.0, 3.0]         50
15  S1  Mistral_Small_24B_base     12        0.6469  0.000035     400  [-2.0, -1.0, 0.0, 0.5, 1.0, 1.5, 2.0, 3.0]         50
16  S1                   Phi_4      6        0.4968  0.000023     400  [-2.0, -1.0, 0.0, 0.5, 1.0, 1.5, 2.0, 3.0]         50
17  S1       Qwen_2.5_32B_base     25        0.6112  0.000000     400  [-2.0, -1.0, 0.0, 0.5, 1.0, 1.5, 2.0, 3.0]         50
18  S1   Qwen_2.5_32B_instruct     32        0.6111  0.000034     400  [-2.0, -1.0, 0.0, 0.5, 1.0, 1.5, 2.0, 3.0]         50
19  S1       Qwen_2.5_72B_base     60        0.4718  0.000026     400  [-2.0, -1.0, 0.0, 0.5, 1.0, 1.5, 2.0, 3.0]         50
20  S1   Qwen_2.5_72B_instruct     48        0.6490  0.000026     400  [-2.0, -1.0, 0.0, 0.5, 1.0, 1.5, 2.0, 3.0]         50
21  S1        Qwen_2.5_7B_base      8        0.6494  0.000012     400  [-2.0, -1.0, 0.0, 0.5, 1.0, 1.5, 2.0, 3.0]         50
22  S1    Qwen_2.5_7B_instruct      8        0.5963  0.000032     400  [-2.0, -1.0, 0.0, 0.5, 1.0, 1.5, 2.0, 3.0]         50
23  S1         Qwen_3_14B_base     16        0.5365  0.000034     400  [-2.0, -1.0, 0.0, 0.5, 1.0, 1.5, 2.0, 3.0]         50
24  S1          Qwen_3_8B_base     21        0.7230  0.000026     400  [-2.0, -1.0, 0.0, 0.5, 1.0, 1.5, 2.0, 3.0]         50
25  S2        Gemma_2_27B_base     13        0.3836  0.000026     400  [-2.0, -1.0, 0.0, 0.5, 1.0, 1.5, 2.0, 3.0]         50
26  S2    Gemma_2_27B_instruct     13        0.4772  0.000000     400  [-2.0, -1.0, 0.0, 0.5, 1.0, 1.5, 2.0, 3.0]         50
27  S2         Gemma_2_2B_base     13        0.4979  0.000032     400  [-2.0, -1.0, 0.0, 0.5, 1.0, 1.5, 2.0, 3.0]         50
28  S2     Gemma_2_2B_instruct     15        0.5911  0.000032     400  [-2.0, -1.0, 0.0, 0.5, 1.0, 1.5, 2.0, 3.0]         50
29  S2         Gemma_2_9B_base     21        0.6502  0.000026     400  [-2.0, -1.0, 0.0, 0.5, 1.0, 1.5, 2.0, 3.0]         50
30  S2     Gemma_2_9B_instruct     12        0.6978  0.000000     400  [-2.0, -1.0, 0.0, 0.5, 1.0, 1.5, 2.0, 3.0]         50
31  S2        Gemma_3_27B_base     24        0.2822  0.000012     400  [-2.0, -1.0, 0.0, 0.5, 1.0, 1.5, 2.0, 3.0]         50
32  S2    Gemma_3_27B_instruct     55        0.0948  0.000012     400  [-2.0, -1.0, 0.0, 0.5, 1.0, 1.5, 2.0, 3.0]         50
33  S2      Llama_3.1_70B_base     40        0.5874  0.000000     400  [-2.0, -1.0, 0.0, 0.5, 1.0, 1.5, 2.0, 3.0]         50
34  S2  Llama_3.1_70B_instruct     24        0.6196  0.000012     400  [-2.0, -1.0, 0.0, 0.5, 1.0, 1.5, 2.0, 3.0]         50
35  S2       Llama_3.1_8B_base     16        0.6928  0.000000     400  [-2.0, -1.0, 0.0, 0.5, 1.0, 1.5, 2.0, 3.0]         50
36  S2   Llama_3.1_8B_instruct     16        0.6400  0.000000     400  [-2.0, -1.0, 0.0, 0.5, 1.0, 1.5, 2.0, 3.0]         50
37  S2  Llama_3.3_70B_instruct     24        0.5617  0.000035     400  [-2.0, -1.0, 0.0, 0.5, 1.0, 1.5, 2.0, 3.0]         50
38  S2         Mistral_7B_base     16        0.6498  0.000000     400  [-2.0, -1.0, 0.0, 0.5, 1.0, 1.5, 2.0, 3.0]         50
39  S2     Mistral_7B_instruct     16        0.6745  0.000035     400  [-2.0, -1.0, 0.0, 0.5, 1.0, 1.5, 2.0, 3.0]         50
40  S2  Mistral_Small_24B_base     16        0.7095  0.000032     400  [-2.0, -1.0, 0.0, 0.5, 1.0, 1.5, 2.0, 3.0]         50
41  S2                   Phi_4     12        0.3753  0.000034     400  [-2.0, -1.0, 0.0, 0.5, 1.0, 1.5, 2.0, 3.0]         50
42  S2       Qwen_2.5_32B_base     32        0.6105  0.000032     400  [-2.0, -1.0, 0.0, 0.5, 1.0, 1.5, 2.0, 3.0]         50
43  S2   Qwen_2.5_32B_instruct     38        0.6349  0.000032     400  [-2.0, -1.0, 0.0, 0.5, 1.0, 1.5, 2.0, 3.0]         50
44  S2       Qwen_2.5_72B_base     60        0.6489  0.000035     400  [-2.0, -1.0, 0.0, 0.5, 1.0, 1.5, 2.0, 3.0]         50
45  S2   Qwen_2.5_72B_instruct     60        0.4634  0.000000     400  [-2.0, -1.0, 0.0, 0.5, 1.0, 1.5, 2.0, 3.0]         50
46  S2        Qwen_2.5_7B_base     16        0.6641  0.000032     400  [-2.0, -1.0, 0.0, 0.5, 1.0, 1.5, 2.0, 3.0]         50
47  S2    Qwen_2.5_7B_instruct     16        0.6521  0.000034     400  [-2.0, -1.0, 0.0, 0.5, 1.0, 1.5, 2.0, 3.0]         50
48  S2         Qwen_3_14B_base     20        0.5408  0.000023     400  [-2.0, -1.0, 0.0, 0.5, 1.0, 1.5, 2.0, 3.0]         50
49  S2          Qwen_3_8B_base     27        0.3485  0.000032     400  [-2.0, -1.0, 0.0, 0.5, 1.0, 1.5, 2.0, 3.0]         50

picked_ratio summary by tag:
     count   mean    std    min    25%    50%    75%    max
tag                                                        
S1    25.0  0.558  0.143  0.234  0.497  0.606  0.647  0.788
S2    25.0  0.550  0.152  0.095  0.477  0.610  0.650  0.710

how many within +-0.1 of 0.6: 31 of 50
how many within +-0.2 of 0.6: 40 of 50

worst offenders:
   tag                   model  layer  picked_ratio  ratio_sd  n_rows                                      coeffs  n_prompts
32  S2    Gemma_3_27B_instruct     55        0.0948  0.000012     400  [-2.0, -1.0, 0.0, 0.5, 1.0, 1.5, 2.0, 3.0]         50
7   S1    Gemma_3_27B_instruct     24        0.2337  0.000032     400  [-2.0, -1.0, 0.0, 0.5, 1.0, 1.5, 2.0, 3.0]         50
31  S2        Gemma_3_27B_base     24        0.2822  0.000012     400  [-2.0, -1.0, 0.0, 0.5, 1.0, 1.5, 2.0, 3.0]         50
6   S1        Gemma_3_27B_base     22        0.2861  0.000035     400  [-2.0, -1.0, 0.0, 0.5, 1.0, 1.5, 2.0, 3.0]         50
1   S1    Gemma_2_27B_instruct     13        0.3154  0.000000     400  [-2.0, -1.0, 0.0, 0.5, 1.0, 1.5, 2.0, 3.0]         50
49  S2          Qwen_3_8B_base     27        0.3485  0.000032     400  [-2.0, -1.0, 0.0, 0.5, 1.0, 1.5, 2.0, 3.0]         50
12  S1  Llama_3.3_70B_instruct     24        0.3697  0.000032     400  [-2.0, -1.0, 0.0, 0.5, 1.0, 1.5, 2.0, 3.0]         50
41  S2                   Phi_4     12        0.3753  0.000034     400  [-2.0, -1.0, 0.0, 0.5, 1.0, 1.5, 2.0, 3.0]         50
25  S2        Gemma_2_27B_base     13        0.3836  0.000026     400  [-2.0, -1.0, 0.0, 0.5, 1.0, 1.5, 2.0, 3.0]         50
9   S1  Llama_3.1_70B_instruct     24        0.3977  0.000032     400  [-2.0, -1.0, 0.0, 0.5, 1.0, 1.5, 2.0, 3.0]         50
13  S1         Mistral_7B_base     12        0.7880  0.000023     400  [-2.0, -1.0, 0.0, 0.5, 1.0, 1.5, 2.0, 3.0]         50
14  S1     Mistral_7B_instruct     12        0.7434  0.000012     400  [-2.0, -1.0, 0.0, 0.5, 1.0, 1.5, 2.0, 3.0]         50
45  S2   Qwen_2.5_72B_instruct     60        0.4634  0.000000     400  [-2.0, -1.0, 0.0, 0.5, 1.0, 1.5, 2.0, 3.0]         50
19  S1       Qwen_2.5_72B_base     60        0.4718  0.000026     400  [-2.0, -1.0, 0.0, 0.5, 1.0, 1.5, 2.0, 3.0]         50

layer fraction of depth:
                       layer         frac        picked_ratio        
tag                       S1    S2     S1     S2           S1      S2
model                                                                
Gemma_2_27B_base         6.0  13.0  0.130  0.283       0.6538  0.3836
Gemma_2_27B_instruct    13.0  13.0  0.283  0.283       0.3154  0.4772
Gemma_2_2B_base          7.0  13.0  0.269  0.500       0.5730  0.4979
Gemma_2_2B_instruct     10.0  15.0  0.385  0.577       0.6328  0.5911
Gemma_2_9B_base         12.0  21.0  0.286  0.500       0.6065  0.6502
Gemma_2_9B_instruct     12.0  12.0  0.286  0.286       0.5038  0.6978
Gemma_3_27B_base        22.0  24.0  0.355  0.387       0.2861  0.2822
Gemma_3_27B_instruct    24.0  55.0  0.387  0.887       0.2337  0.0948
Llama_3.1_70B_base      32.0  40.0  0.400  0.500       0.6339  0.5874
Llama_3.1_70B_instruct  24.0  24.0  0.300  0.300       0.3977  0.6196
Llama_3.1_8B_base       12.0  16.0  0.375  0.500       0.6277  0.6928
Llama_3.1_8B_instruct   12.0  16.0  0.375  0.500       0.5802  0.6400
Llama_3.3_70B_instruct  24.0  24.0  0.300  0.300       0.3697  0.5617
Mistral_7B_base         12.0  16.0  0.375  0.500       0.7880  0.6498
Mistral_7B_instruct     12.0  16.0  0.375  0.500       0.7434  0.6745
Mistral_Small_24B_base  12.0  16.0  0.300  0.400       0.6469  0.7095
Phi_4                    6.0  12.0  0.150  0.300       0.4968  0.3753
Qwen_2.5_32B_base       25.0  32.0  0.391  0.500       0.6112  0.6105
Qwen_2.5_32B_instruct   32.0  38.0  0.500  0.594       0.6111  0.6349
Qwen_2.5_72B_base       60.0  60.0  0.750  0.750       0.4718  0.6489
Qwen_2.5_72B_instruct   48.0  60.0  0.600  0.750       0.6490  0.4634
Qwen_2.5_7B_base         8.0  16.0  0.286  0.571       0.6494  0.6641
Qwen_2.5_7B_instruct     8.0  16.0  0.286  0.571       0.5963  0.6521
Qwen_3_14B_base         16.0  20.0  0.400  0.500       0.5365  0.5408
Qwen_3_8B_base          21.0  27.0  0.583  0.750       0.7230  0.3485

on-grid status:
{'grid': 49, 'OFF-GRID(extraction layer or manual override)': 1}
  tag             model  layer  n_layers   frac  picked_ratio
6  S1  Gemma_3_27B_base     22        62  0.355        0.2861
