Qwen_2.5_72B_instruct  fear              1.0  1.065  0.918  0.864   0.734  0.010        0.640      0.009   0.991
                       negemotion        1.0  0.942  1.186  1.034   0.008  0.743        0.008      0.702   1.026
                       s1                1.0  0.012  1.440  0.795   0.962  1.008        0.765      0.788   1.010
                       s2                1.0  1.074  0.007  0.007   1.012  0.988        0.051      0.021   1.002
Qwen_2.5_7B_base       fear              1.0  1.021  1.038  1.064   0.632  0.009        0.741      0.008   1.000
                       negemotion        1.0  1.000  0.889  0.897   0.008  0.663        0.008      0.639   0.998
                       s1                1.0  0.007  0.848  0.377   0.941  0.979        0.456      0.440   0.998
                       s2                1.0  0.952  0.006  0.006   0.940  0.981        0.278      0.227   1.006
Qwen_2.5_7B_instruct   fear              1.0  1.141  1.090  1.369   0.774  0.009        0.651      0.009   1.009
                       negemotion        1.0  1.118  1.300  1.385   0.006  0.698        0.006      0.732   1.016
                       s1                1.0  0.004  0.862  0.145   0.986  0.991        0.131      0.136   1.009
                       s2                1.0  0.882  0.005  0.004   1.069  1.011        0.277      0.109   1.004
Qwen_3_14B_base        fear              1.0  0.787  0.984  0.836   0.906  0.005        0.773      0.005   1.000
                       negemotion        1.0  0.879  0.819  0.792   0.008  2.200        0.008      1.824   1.000
                       s1                1.0  0.005  0.966  0.121   0.978  0.670        0.138      0.202   0.997
                       s2                1.0  1.119  0.010  0.011   0.741  0.957        0.459      0.872   0.997
Qwen_3_8B_base         fear              1.0  0.930  0.947  0.906   0.515  0.003        0.485      0.003   0.987
                       negemotion        1.0  0.954  0.875  0.852   0.005  0.267        0.005      0.235   0.991
                       s1                1.0  0.005  0.691  0.277   0.826  0.584        0.436      0.685   0.999
                       s2                1.0  0.837  0.005  0.005   0.517  0.526        0.475      0.557   0.981

=== KEY: the ablated direction's own residual projection, relative to baseline ===
                        s1_under_s1  s2_under_s2  fear_under_fear  neg_under_negval  s1_under_s1s2  s2_under_s1s2  s1_under_s1s2negval  s2_under_s1s2negval  neg_under_s1s2negval  s1_under_s1s2fear  s2_under_s1s2fear  fear_under_s1s2fear
model                                                                                                                                                                                                                                       
Gemma_2_27B_base              0.007        0.015            0.007             0.007          0.007          0.016                0.007                0.018                 0.006              0.007              0.015                0.007
Gemma_2_27B_instruct          0.012        0.011            0.010             0.014          0.012          0.013                0.016                0.018                 0.009              0.013              0.014                0.011
Gemma_2_2B_base               0.009        0.005            0.006             0.006          0.839          0.004                0.998                0.326                 0.006              0.576              0.289                0.006
Gemma_2_2B_instruct           0.005        0.004            0.009             0.009          0.411          0.004                0.360                0.133                 0.009              0.307              0.123                0.008
Gemma_2_9B_base               0.012        0.009            0.004             0.006          0.769          0.009                0.895                0.858                 0.006              1.457              0.624                0.005
Gemma_2_9B_instruct           0.012        0.006            0.007             0.007          2.157          0.006                2.495                0.466                 0.006              4.107              0.730                0.007
Gemma_3_27B_base              0.012        0.022            0.018             0.016          0.008          0.021                0.007                0.021                 0.014              0.007              0.021                0.018
Gemma_3_27B_instruct          0.025        0.034            0.014             0.018          0.023          0.031                0.023                0.029                 0.018              0.023              0.030                0.014
Llama_3.1_70B_base            0.007        0.010            0.011             0.010          0.646          0.009                0.687                0.362                 0.011              0.597              0.105                0.011
Llama_3.1_70B_instruct        0.012        0.016            0.014             0.011          0.491          0.015                0.813                0.901                 0.011              0.509              0.170                0.013
Llama_3.1_8B_base             0.011        0.006            0.009             0.009          0.444          0.007                0.435                0.355                 0.008              0.488              0.057                0.009
Llama_3.1_8B_instruct         0.014        0.012            0.012             0.008          0.435          0.010                0.428                0.578                 0.008              0.516              0.209                0.013
Llama_3.3_70B_instruct        0.010        0.015            0.017             0.009          0.407          0.017                0.802                1.319                 0.009              0.547              0.229                0.018
Mistral_7B_base               0.008        0.005            0.007             0.006          0.492          0.006                0.508                0.153                 0.005              0.474              0.104                0.007
Mistral_7B_instruct           0.009        0.007            0.007             0.007          0.511          0.007                0.527                0.242                 0.007              0.576              0.226                0.007
Mistral_Small_24B_base        0.010        0.007            0.009             0.007          0.841          0.008                0.888                0.464                 0.008              0.755              0.313                0.009
Phi_4                         0.009        0.006            0.009             0.008          0.339          0.006                0.341                0.137                 0.009              0.341              0.089                0.009
Qwen_2.5_32B_base             0.007        0.006            0.005             0.005          0.944          0.006                0.549                1.783                 0.005              0.419              0.846                0.005
Qwen_2.5_32B_instruct         0.011        0.006            0.008             0.007          1.441          0.006                0.973                0.309                 0.006              1.188              0.080                0.009
Qwen_2.5_72B_base             0.006        0.006            0.005             0.008          0.111          0.005                0.183                0.216                 0.009              0.282              0.386                0.005
Qwen_2.5_72B_instruct         0.012        0.007            0.010             0.008          0.795          0.007                0.765                0.051                 0.008              0.788              0.021                0.009
Qwen_2.5_7B_base              0.007        0.006            0.009             0.008          0.377          0.006                0.456                0.278                 0.008              0.440              0.227                0.008
Qwen_2.5_7B_instruct          0.004        0.005            0.009             0.006          0.145          0.004                0.131                0.277                 0.006              0.136              0.109                0.009
Qwen_3_14B_base               0.005        0.010            0.005             0.008          0.121          0.011                0.138                0.459                 0.008              0.202              0.872                0.005
Qwen_3_8B_base                0.005        0.005            0.003             0.005          0.277          0.005                0.436                0.475                 0.005              0.685              0.557                0.003

summary (fraction of baseline remaining):
       s1_under_s1  s2_under_s2  fear_under_fear  neg_under_negval  s1_under_s1s2  s2_under_s1s2  s1_under_s1s2negval  s2_under_s1s2negval  neg_under_s1s2negval  s1_under_s1s2fear  s2_under_s1s2fear  fear_under_s1s2fear
count       25.000       25.000           25.000            25.000         25.000         25.000               25.000               25.000                25.000             25.000             25.000               25.000
mean         0.010        0.010            0.009             0.009          0.522          0.009                0.554                0.409                 0.008              0.618              0.258                0.009
std          0.004        0.007            0.004             0.003          0.488          0.006                0.515                0.422                 0.003              0.805              0.264                0.004
min          0.004        0.004            0.003             0.005          0.007          0.004                0.007                0.018                 0.005              0.007              0.014                0.003
25%          0.007        0.006            0.007             0.007          0.145          0.006                0.183                0.137                 0.006              0.282              0.080                0.007
50%          0.009        0.007            0.009             0.008          0.435          0.007                0.456                0.309                 0.008              0.488              0.170                0.009
75%          0.012        0.011            0.010             0.009          0.769          0.011                0.802                0.466                 0.009              0.597              0.313                0.011
max          0.025        0.034            0.018             0.018          2.157          0.031                2.495                1.783                 0.018              4.107              0.872                0.018
