                 model  n_layers  chosen  reported_1P  max_over_layers_1P  layer_from_3P  heldout_1P_at_3P_layer  heldout_3P_at_1P_layer  mean_top5_layers_1P  curve_sd_top_decile  optimism_1P
      Gemma_2_27B_base        46      35       0.9825              0.9850             39                  0.9780                  0.9800               0.9808             0.002842       0.0045
  Gemma_2_27B_instruct        46      37       0.9960              0.9970             40                  0.9935                  0.9670               0.9957             0.000975       0.0025
       Gemma_2_2B_base        26      23       0.9660              0.9685             23                  0.9660                  0.9655               0.9649             0.001443       0.0000
   Gemma_2_2B_instruct        26      25       0.9885              0.9910             16                  0.9605                  0.8865               0.9883             0.001607       0.0280
       Gemma_2_9B_base        42      40       0.9790              0.9790             40                  0.9790                  0.9825               0.9747             0.002515       0.0000
   Gemma_2_9B_instruct        42      37       0.9920              0.9920             39                  0.9910                  0.9640               0.9912             0.000707       0.0010
      Gemma_3_27B_base        62      56       0.9785              0.9840             56                  0.9785                  0.9515               0.9832             0.001845       0.0000
  Gemma_3_27B_instruct        62      59       0.9735              0.9735             60                  0.9695                  0.9395               0.9710             0.001749       0.0040
    Llama_3.1_70B_base        80      70       0.9845              0.9865             70                  0.9845                  0.9710               0.9853             0.000888       0.0000
Llama_3.1_70B_instruct        80      48       0.9885              0.9895             43                  0.9785                  0.9600               0.9886             0.000500       0.0100
     Llama_3.1_8B_base        32      28       0.9950              0.9965             29                  0.9930                  0.9585               0.9955             0.000612       0.0020
 Llama_3.1_8B_instruct        32      28       0.9975              0.9980             28                  0.9975                  0.9725               0.9974             0.000408       0.0000
Llama_3.3_70B_instruct        80      47       0.9735              0.9785             47                  0.9735                  0.9515               0.9780             0.000372       0.0000
       Mistral_7B_base        32      26       0.9890              0.9890             31                  0.9850                  0.9465               0.9888             0.000250       0.0040
   Mistral_7B_instruct        32      27       0.9885              0.9895             27                  0.9885                  0.9825               0.9889             0.000418       0.0000
Mistral_Small_24B_base        40      32       0.9845              0.9855             39                  0.9680                  0.9635               0.9846             0.000652       0.0165
                 Phi_4        40      20       0.9315              0.9450             20                  0.9315                  0.8630               0.9405             0.003400       0.0000
     Qwen_2.5_32B_base        64      60       0.9070              0.9115             60                  0.9070                  0.9325               0.9107             0.002149       0.0000
 Qwen_2.5_32B_instruct        64      61       0.9625              0.9645             61                  0.9625                  0.9425               0.9626             0.003622       0.0000
     Qwen_2.5_72B_base        80      78       0.9610              0.9610             78                  0.9610                  0.9475               0.9529             0.018322       0.0000
 Qwen_2.5_72B_instruct        80      76       0.9860              0.9860             77                  0.9840                  0.9400               0.9832             0.004943       0.0020
      Qwen_2.5_7B_base        28      24       0.9685              0.9700             24                  0.9685                  0.9620               0.9605             0.002021       0.0000
  Qwen_2.5_7B_instruct        28      24       0.9565              0.9595             24                  0.9565                  0.9415               0.9525             0.002754       0.0000
       Qwen_3_14B_base        40      31       0.9645              0.9810             30                  0.9540                  0.9190               0.9770             0.002287       0.0105
        Qwen_3_8B_base        36      34       0.9790              0.9790             34                  0.9790                  0.9755               0.9768             0.001315       0.0000

reported_1P                : min 0.9070 max 0.9975 median 0.9790
heldout_1P_at_3P-chosen-L  : min 0.9070 max 0.9975 median 0.9780
mean optimism (reported - cross-chosen): +0.0034  (max +0.0280)
