models in TABLE: 25
                     model  S1 1P in-sample  S1 3P in-sample  S2 1P in-sample  S1 held-out at S2 layer  S1 best layer  S2 layer  S1 held-out at own best layer
0         Gemma_2_27B_base            0.955            0.921            0.995                    0.901             40        35                          0.912
1     Gemma_2_27B_instruct            0.971            0.897            0.998                    0.935             38        37                          0.937
2          Gemma_2_2B_base            0.944            0.906            0.978                    0.889              9        23                          0.896
3      Gemma_2_2B_instruct            0.948            0.843            0.993                    0.878              9        25                          0.901
4          Gemma_2_9B_base            0.942            0.881            0.984                    0.906             33        40                          0.910
5      Gemma_2_9B_instruct            0.947            0.855            0.996                    0.892             10        37                          0.931
6         Gemma_3_27B_base            0.953            0.865            0.987                    0.906             59        56                          0.909
7     Gemma_3_27B_instruct            0.960            0.795            0.988                    0.904             54        59                          0.907
8       Llama_3.1_70B_base            0.978            0.895            0.991                    0.910             43        70                          0.929
9   Llama_3.1_70B_instruct            0.978            0.897            0.993                    0.924             46        48                          0.926
10       Llama_3.1_8B_base            0.945            0.900            0.996                    0.892              8        28                          0.909
11   Llama_3.1_8B_instruct            0.952            0.837            0.999                    0.898             30        28                          0.904
12  Llama_3.3_70B_instruct            0.970            0.876            0.986                    0.910             33        47                          0.920
13         Mistral_7B_base            0.964            0.914            0.995                    0.928             30        26                          0.928
14     Mistral_7B_instruct            0.980            0.900            0.995                    0.928             27        27                          0.928
15  Mistral_Small_24B_base            0.960            0.859            0.997                    0.916             26        32                          0.924
16                   Phi_4            0.949            0.826            0.946                    0.887             11        20                          0.891
17       Qwen_2.5_32B_base            0.868            0.849            0.931                    0.847             18        60                          0.875
18   Qwen_2.5_32B_instruct            0.940            0.820            0.988                    0.895             60        61                          0.900
19       Qwen_2.5_72B_base            0.935            0.815            0.984                    0.879             15        78                          0.880
20   Qwen_2.5_72B_instruct            0.967            0.839            0.996                    0.906             76        76                          0.906
21        Qwen_2.5_7B_base            0.947            0.849            0.985                    0.905             24        24                          0.905
22    Qwen_2.5_7B_instruct            0.938            0.817            0.974                    0.891             24        24                          0.891
23         Qwen_3_14B_base            0.933            0.791            0.985                    0.914             36        31                          0.922
24          Qwen_3_8B_base            0.948            0.890            0.990                    0.925             34        34                          0.925

S2 1P in-sample range: 0.931 0.999 median 0.99
S1 1P in-sample range: 0.868 0.98
S1 3P in-sample range: 0.791 0.921
S1 held-out at S2 layer range: 0.847 0.935
S1 held-out at own best layer range: 0.875 0.937

--- per_model auc_summary (S2 vector) ---
                     model dataset     ALL       B      C1      C2       D       E
0         Gemma_2_27B_base   S2_1P  0.9947  0.9910  0.9870  0.9980  0.9990  0.9985
1         Gemma_2_27B_base   S2_3P  0.9817  0.9725  0.9870  0.9760  0.9820  0.9910
2     Gemma_2_27B_instruct   S2_1P  0.9979  0.9945  0.9965  1.0000  1.0000  0.9985
3     Gemma_2_27B_instruct   S2_3P  0.9524  0.9615  0.9875  0.9515  0.9180  0.9435
4          Gemma_2_2B_base   S2_1P  0.9779  0.9775  0.9615  0.9825  0.9970  0.9710
5          Gemma_2_2B_base   S2_3P  0.9312  0.9620  0.9340  0.8790  0.9670  0.9140
6      Gemma_2_2B_instruct   S2_1P  0.9930  0.9910  0.9915  0.9945  0.9945  0.9935
7      Gemma_2_2B_instruct   S2_3P  0.9341  0.9200  0.9745  0.9290  0.9010  0.9460
8          Gemma_2_9B_base   S2_1P  0.9845  0.9845  0.9600  0.9960  0.9930  0.9890
9          Gemma_2_9B_base   S2_3P  0.9797  0.9855  0.9690  0.9795  0.9790  0.9855
10     Gemma_2_9B_instruct   S2_1P  0.9960  0.9965  0.9965  0.9990  1.0000  0.9880
11     Gemma_2_9B_instruct   S2_3P  0.9363  0.9180  0.9730  0.9350  0.9250  0.9305
12        Gemma_3_27B_base   S2_1P  0.9870  0.9775  0.9755  0.9970  0.9990  0.9860
13        Gemma_3_27B_base   S2_3P  0.9672  0.9590  0.9720  0.9345  0.9945  0.9760
14    Gemma_3_27B_instruct   S2_1P  0.9879  0.9820  0.9900  0.9950  0.9995  0.9730
15    Gemma_3_27B_instruct   S2_3P  0.9200  0.9430  0.9250  0.8955  0.9340  0.9025
16      Llama_3.1_70B_base   S2_1P  0.9913  0.9765  0.9900  0.9990  0.9950  0.9960
17      Llama_3.1_70B_base   S2_3P  0.9568  0.9310  0.9710  0.9565  0.9585  0.9670
18  Llama_3.1_70B_instruct   S2_1P  0.9931  0.9785  0.9970  1.0000  0.9940  0.9960
19  Llama_3.1_70B_instruct   S2_3P  0.9651  0.9640  0.9880  0.9700  0.9580  0.9455
20       Llama_3.1_8B_base   S2_1P  0.9955  0.9830  0.9975  1.0000  0.9970  1.0000
21       Llama_3.1_8B_base   S2_3P  0.9692  0.9545  0.9800  0.9515  0.9745  0.9855
22   Llama_3.1_8B_instruct   S2_1P  0.9988  0.9975  0.9975  1.0000  0.9990  1.0000
23   Llama_3.1_8B_instruct   S2_3P  0.9713  0.9695  0.9760  0.9625  0.9625  0.9860
24  Llama_3.3_70B_instruct   S2_1P  0.9862  0.9650  0.9875  0.9980  0.9885  0.9920
25  Llama_3.3_70B_instruct   S2_3P  0.9599  0.9530  0.9435  0.9745  0.9625  0.9660
26         Mistral_7B_base   S2_1P  0.9954  0.9890  0.9905  1.0000  1.0000  0.9975
27         Mistral_7B_base   S2_3P  0.9605  0.9580  0.9810  0.9375  0.9550  0.9710
28     Mistral_7B_instruct   S2_1P  0.9954  0.9955  0.9900  1.0000  0.9950  0.9965
29     Mistral_7B_instruct   S2_3P  0.9638  0.9745  0.9775  0.9475  0.9265  0.9930
30  Mistral_Small_24B_base   S2_1P  0.9969  0.9965  0.9880  1.0000  1.0000  1.0000
31  Mistral_Small_24B_base   S2_3P  0.9773  0.9795  0.9990  0.9700  0.9490  0.9890
32                   Phi_4   S2_1P  0.9464  0.9310  0.9055  0.9485  0.9855  0.9615
33                   Phi_4   S2_3P  0.9088  0.8955  0.8515  0.8680  0.9895  0.9395
34       Qwen_2.5_32B_base   S2_1P  0.9311  0.9355  0.8600  0.9230  0.9675  0.9695
35       Qwen_2.5_32B_base   S2_3P  0.9429  0.9470  0.8435  0.9575  0.9760  0.9905
36   Qwen_2.5_32B_instruct   S2_1P  0.9877  0.9745  0.9715  0.9995  0.9995  0.9935
37   Qwen_2.5_32B_instruct   S2_3P  0.9659  0.9750  0.9550  0.9685  0.9705  0.9605
38       Qwen_2.5_72B_base   S2_1P  0.9845  0.9800  0.9595  0.9990  1.0000  0.9840
39       Qwen_2.5_72B_base   S2_3P  0.9561  0.9810  0.9085  0.9555  0.9795  0.9560
40   Qwen_2.5_72B_instruct   S2_1P  0.9963  0.9885  0.9945  1.0000  0.9985  1.0000
41   Qwen_2.5_72B_instruct   S2_3P  0.9423  0.9495  0.9705  0.9500  0.9185  0.9230
42        Qwen_2.5_7B_base   S2_1P  0.9850  0.9770  0.9820  0.9835  0.9995  0.9830
43        Qwen_2.5_7B_base   S2_3P  0.9315  0.9595  0.9085  0.8825  0.9630  0.9440
44    Qwen_2.5_7B_instruct   S2_1P  0.9745  0.9590  0.9705  0.9740  1.0000  0.9690
45    Qwen_2.5_7B_instruct   S2_3P  0.9281  0.9350  0.9145  0.8930  0.9780  0.9200
46         Qwen_3_14B_base   S2_1P  0.9847  0.9770  0.9820  0.9835  1.0000  0.9810
47         Qwen_3_14B_base   S2_3P  0.9364  0.9240  0.9505  0.9025  0.9970  0.9080
48          Qwen_3_8B_base   S2_1P  0.9895  0.9745  0.9965  0.9955  0.9985  0.9825
49          Qwen_3_8B_base   S2_3P  0.9533  0.9485  0.9900  0.8975  0.9885  0.9420

S2_1P ALL range: 0.9311 0.9988
S2_3P ALL range: 0.9088 0.9817
